image: gong_car.pgm
resolution: 0.050000
origin: [-39.962668, -61.300330, 0.000000]
negate: 0
occupied_thresh: 0.65
free_thresh: 0.196

